
var policeStations = [{
        type: "Feature",
        properties: {"branch": "001"},
        geometry: {
            type: "Point",
            coordinates: [[
                [52.3082196910919, 21.038488457110628],
                [52.325233875219475, 21.049299610844397],
                [52.329310683220164, 21.03158772068481],
                [52.31820401361713, 20.990413326677466],
                [52.23372041062758, 20.986189252785596],
                [52.20109646261895, 20.990257559812587],
                [52.15508129696679, 21.036522771638367],
                [52.305125500290146, 20.95774984092862],
                [52.2872593530043, 20.94509849081463],
                [52.27586064422941, 20.94831883448001],
            ]]

        }
      }]





[52.25500832660812, 20.922375299880024]
[52.22954792749684, 20.984193290909623]
[52.23372041062758, 20.986189252785596]
[52.15508129696679, 21.036522771638367]
[52.15508129696679, 21.036522771638367]
[52.176191905735294, 21.1860383945252]
[52.26329682763131, 21.17306156687842]
[52.17861379405107, 21.18773102421826]
[52.23980915393428, 21.273490928666558]
[52.335064297932654, 21.20127206176273]